<<<<<<< HEAD
LAST GRADE NEW GRADE RAW GRADE
80         80        80.0
80         81        81.5
80         82        83.0
80         83        84.5
80         84        86.0
80         85        87.5
80         86        89.0
80         87        90.5
80         88        92.0
80         89        93.5
80         90        95.0
80         91        96.5
80         92        98.0
80         93        99.5
80         94        IMPOSIBLE
80         95        IMPOSIBLE
80         96        IMPOSIBLE
80         97        IMPOSIBLE
80         98        IMPOSIBLE
80         99        IMPOSIBLE
81         80        79.5
81         81        81.0
81         82        82.5
81         83        84.0
81         84        85.5
81         85        87.0
81         86        88.5
81         87        90.0
81         88        91.5
81         89        93.0
81         90        94.5
81         91        96.0
81         92        97.5
81         93        99.0
81         94        IMPOSIBLE
81         95        IMPOSIBLE
81         96        IMPOSIBLE
81         97        IMPOSIBLE
81         98        IMPOSIBLE
81         99        IMPOSIBLE
82         80        79.0
82         81        80.5
82         82        82.0
82         83        83.5
82         84        85.0
82         85        86.5
82         86        88.0
82         87        89.5
82         88        91.0
82         89        92.5
82         90        94.0
82         91        95.5
82         92        97.0
82         93        98.5
82         94        100.0
82         95        IMPOSIBLE
82         96        IMPOSIBLE
82         97        IMPOSIBLE
82         98        IMPOSIBLE
82         99        IMPOSIBLE
83         80        78.5
83         81        80.0
83         82        81.5
83         83        83.0
83         84        84.5
83         85        86.0
83         86        87.5
83         87        89.0
83         88        90.5
83         89        92.0
83         90        93.5
83         91        95.0
83         92        96.5
83         93        98.0
83         94        99.5
83         95        IMPOSIBLE
83         96        IMPOSIBLE
83         97        IMPOSIBLE
83         98        IMPOSIBLE
83         99        IMPOSIBLE
84         80        78.0
84         81        79.5
84         82        81.0
84         83        82.5
84         84        84.0
84         85        85.5
84         86        87.0
84         87        88.5
84         88        90.0
84         89        91.5
84         90        93.0
84         91        94.5
84         92        96.0
84         93        97.5
84         94        99.0
84         95        IMPOSIBLE
84         96        IMPOSIBLE
84         97        IMPOSIBLE
84         98        IMPOSIBLE
84         99        IMPOSIBLE
85         80        77.5
85         81        79.0
85         82        80.5
85         83        82.0
85         84        83.5
85         85        85.0
85         86        86.5
85         87        88.0
85         88        89.5
85         89        91.0
85         90        92.5
85         91        94.0
85         92        95.5
85         93        97.0
85         94        98.5
85         95        100.0
85         96        IMPOSIBLE
85         97        IMPOSIBLE
85         98        IMPOSIBLE
85         99        IMPOSIBLE
86         80        77.0
86         81        78.5
86         82        80.0
86         83        81.5
86         84        83.0
86         85        84.5
86         86        86.0
86         87        87.5
86         88        89.0
86         89        90.5
86         90        92.0
86         91        93.5
86         92        95.0
86         93        96.5
86         94        98.0
86         95        99.5
86         96        IMPOSIBLE
86         97        IMPOSIBLE
86         98        IMPOSIBLE
86         99        IMPOSIBLE
87         80        76.5
87         81        78.0
87         82        79.5
87         83        81.0
87         84        82.5
87         85        84.0
87         86        85.5
87         87        87.0
87         88        88.5
87         89        90.0
87         90        91.5
87         91        93.0
87         92        94.5
87         93        96.0
87         94        97.5
87         95        99.0
87         96        IMPOSIBLE
87         97        IMPOSIBLE
87         98        IMPOSIBLE
87         99        IMPOSIBLE
88         80        76.0
88         81        77.5
88         82        79.0
88         83        80.5
88         84        82.0
88         85        83.5
88         86        85.0
88         87        86.5
88         88        88.0
88         89        89.5
88         90        91.0
88         91        92.5
88         92        94.0
88         93        95.5
88         94        97.0
88         95        98.5
88         96        100.0
88         97        IMPOSIBLE
88         98        IMPOSIBLE
88         99        IMPOSIBLE
89         80        75.5
89         81        77.0
89         82        78.5
89         83        80.0
89         84        81.5
89         85        83.0
89         86        84.5
89         87        86.0
89         88        87.5
89         89        89.0
89         90        90.5
89         91        92.0
89         92        93.5
89         93        95.0
89         94        96.5
89         95        98.0
89         96        99.5
89         97        IMPOSIBLE
89         98        IMPOSIBLE
89         99        IMPOSIBLE
90         80        75.0
90         81        76.5
90         82        78.0
90         83        79.5
90         84        81.0
90         85        82.5
90         86        84.0
90         87        85.5
90         88        87.0
90         89        88.5
90         90        90.0
90         91        91.5
90         92        93.0
90         93        94.5
90         94        96.0
90         95        97.5
90         96        99.0
90         97        IMPOSIBLE
90         98        IMPOSIBLE
90         99        IMPOSIBLE
91         80        74.5
91         81        76.0
91         82        77.5
91         83        79.0
91         84        80.5
91         85        82.0
91         86        83.5
91         87        85.0
91         88        86.5
91         89        88.0
91         90        89.5
91         91        91.0
91         92        92.5
91         93        94.0
91         94        95.5
91         95        97.0
91         96        98.5
91         97        100.0
91         98        IMPOSIBLE
91         99        IMPOSIBLE
92         80        74.0
92         81        75.5
92         82        77.0
92         83        78.5
92         84        80.0
92         85        81.5
92         86        83.0
92         87        84.5
92         88        86.0
92         89        87.5
92         90        89.0
92         91        90.5
92         92        92.0
92         93        93.5
92         94        95.0
92         95        96.5
92         96        98.0
92         97        99.5
92         98        IMPOSIBLE
92         99        IMPOSIBLE
93         80        73.5
93         81        75.0
93         82        76.5
93         83        78.0
93         84        79.5
93         85        81.0
93         86        82.5
93         87        84.0
93         88        85.5
93         89        87.0
93         90        88.5
93         91        90.0
93         92        91.5
93         93        93.0
93         94        94.5
93         95        96.0
93         96        97.5
93         97        99.0
93         98        IMPOSIBLE
93         99        IMPOSIBLE
94         80        73.0
94         81        74.5
94         82        76.0
94         83        77.5
94         84        79.0
94         85        80.5
94         86        82.0
94         87        83.5
94         88        85.0
94         89        86.5
94         90        88.0
94         91        89.5
94         92        91.0
94         93        92.5
94         94        94.0
94         95        95.5
94         96        97.0
94         97        98.5
94         98        100.0
94         99        IMPOSIBLE
95         80        72.5
95         81        74.0
95         82        75.5
95         83        77.0
95         84        78.5
95         85        80.0
95         86        81.5
95         87        83.0
95         88        84.5
95         89        86.0
95         90        87.5
95         91        89.0
95         92        90.5
95         93        92.0
95         94        93.5
95         95        95.0
95         96        96.5
95         97        98.0
95         98        99.5
95         99        IMPOSIBLE
96         80        72.0
96         81        73.5
96         82        75.0
96         83        76.5
96         84        78.0
96         85        79.5
96         86        81.0
96         87        82.5
96         88        84.0
96         89        85.5
96         90        87.0
96         91        88.5
96         92        90.0
96         93        91.5
96         94        93.0
96         95        94.5
96         96        96.0
96         97        97.5
96         98        99.0
96         99        IMPOSIBLE
97         80        71.5
97         81        73.0
97         82        74.5
97         83        76.0
97         84        77.5
97         85        79.0
97         86        80.5
97         87        82.0
97         88        83.5
97         89        85.0
97         90        86.5
97         91        88.0
97         92        89.5
97         93        91.0
97         94        92.5
97         95        94.0
97         96        95.5
97         97        97.0
97         98        98.5
97         99        100.0
98         80        71.0
98         81        72.5
98         82        74.0
98         83        75.5
98         84        77.0
98         85        78.5
98         86        80.0
98         87        81.5
98         88        83.0
98         89        84.5
98         90        86.0
98         91        87.5
98         92        89.0
98         93        90.5
98         94        92.0
98         95        93.5
98         96        95.0
98         97        96.5
98         98        98.0
98         99        99.5
99         80        70.5
99         81        72.0
99         82        73.5
99         83        75.0
99         84        76.5
99         85        78.0
99         86        79.5
99         87        81.0
99         88        82.5
99         89        84.0
99         90        85.5
99         91        87.0
99         92        88.5
99         93        90.0
99         94        91.5
99         95        93.0
99         96        94.5
99         97        96.0
99         98        97.5
99         99        99.0
=======
LAST GRADE NEW GRADE RAW GRADE
80         80        80.0
80         81        81.5
80         82        83.0
80         83        84.5
80         84        86.0
80         85        87.5
80         86        89.0
80         87        90.5
80         88        92.0
80         89        93.5
80         90        95.0
80         91        96.5
80         92        98.0
80         93        99.5
80         94        IMPOSIBLE
80         95        IMPOSIBLE
80         96        IMPOSIBLE
80         97        IMPOSIBLE
80         98        IMPOSIBLE
80         99        IMPOSIBLE
81         80        79.5
81         81        81.0
81         82        82.5
81         83        84.0
81         84        85.5
81         85        87.0
81         86        88.5
81         87        90.0
81         88        91.5
81         89        93.0
81         90        94.5
81         91        96.0
81         92        97.5
81         93        99.0
81         94        IMPOSIBLE
81         95        IMPOSIBLE
81         96        IMPOSIBLE
81         97        IMPOSIBLE
81         98        IMPOSIBLE
81         99        IMPOSIBLE
82         80        79.0
82         81        80.5
82         82        82.0
82         83        83.5
82         84        85.0
82         85        86.5
82         86        88.0
82         87        89.5
82         88        91.0
82         89        92.5
82         90        94.0
82         91        95.5
82         92        97.0
82         93        98.5
82         94        100.0
82         95        IMPOSIBLE
82         96        IMPOSIBLE
82         97        IMPOSIBLE
82         98        IMPOSIBLE
82         99        IMPOSIBLE
83         80        78.5
83         81        80.0
83         82        81.5
83         83        83.0
83         84        84.5
83         85        86.0
83         86        87.5
83         87        89.0
83         88        90.5
83         89        92.0
83         90        93.5
83         91        95.0
83         92        96.5
83         93        98.0
83         94        99.5
83         95        IMPOSIBLE
83         96        IMPOSIBLE
83         97        IMPOSIBLE
83         98        IMPOSIBLE
83         99        IMPOSIBLE
84         80        78.0
84         81        79.5
84         82        81.0
84         83        82.5
84         84        84.0
84         85        85.5
84         86        87.0
84         87        88.5
84         88        90.0
84         89        91.5
84         90        93.0
84         91        94.5
84         92        96.0
84         93        97.5
84         94        99.0
84         95        IMPOSIBLE
84         96        IMPOSIBLE
84         97        IMPOSIBLE
84         98        IMPOSIBLE
84         99        IMPOSIBLE
85         80        77.5
85         81        79.0
85         82        80.5
85         83        82.0
85         84        83.5
85         85        85.0
85         86        86.5
85         87        88.0
85         88        89.5
85         89        91.0
85         90        92.5
85         91        94.0
85         92        95.5
85         93        97.0
85         94        98.5
85         95        100.0
85         96        IMPOSIBLE
85         97        IMPOSIBLE
85         98        IMPOSIBLE
85         99        IMPOSIBLE
86         80        77.0
86         81        78.5
86         82        80.0
86         83        81.5
86         84        83.0
86         85        84.5
86         86        86.0
86         87        87.5
86         88        89.0
86         89        90.5
86         90        92.0
86         91        93.5
86         92        95.0
86         93        96.5
86         94        98.0
86         95        99.5
86         96        IMPOSIBLE
86         97        IMPOSIBLE
86         98        IMPOSIBLE
86         99        IMPOSIBLE
87         80        76.5
87         81        78.0
87         82        79.5
87         83        81.0
87         84        82.5
87         85        84.0
87         86        85.5
87         87        87.0
87         88        88.5
87         89        90.0
87         90        91.5
87         91        93.0
87         92        94.5
87         93        96.0
87         94        97.5
87         95        99.0
87         96        IMPOSIBLE
87         97        IMPOSIBLE
87         98        IMPOSIBLE
87         99        IMPOSIBLE
88         80        76.0
88         81        77.5
88         82        79.0
88         83        80.5
88         84        82.0
88         85        83.5
88         86        85.0
88         87        86.5
88         88        88.0
88         89        89.5
88         90        91.0
88         91        92.5
88         92        94.0
88         93        95.5
88         94        97.0
88         95        98.5
88         96        100.0
88         97        IMPOSIBLE
88         98        IMPOSIBLE
88         99        IMPOSIBLE
89         80        75.5
89         81        77.0
89         82        78.5
89         83        80.0
89         84        81.5
89         85        83.0
89         86        84.5
89         87        86.0
89         88        87.5
89         89        89.0
89         90        90.5
89         91        92.0
89         92        93.5
89         93        95.0
89         94        96.5
89         95        98.0
89         96        99.5
89         97        IMPOSIBLE
89         98        IMPOSIBLE
89         99        IMPOSIBLE
90         80        75.0
90         81        76.5
90         82        78.0
90         83        79.5
90         84        81.0
90         85        82.5
90         86        84.0
90         87        85.5
90         88        87.0
90         89        88.5
90         90        90.0
90         91        91.5
90         92        93.0
90         93        94.5
90         94        96.0
90         95        97.5
90         96        99.0
90         97        IMPOSIBLE
90         98        IMPOSIBLE
90         99        IMPOSIBLE
91         80        74.5
91         81        76.0
91         82        77.5
91         83        79.0
91         84        80.5
91         85        82.0
91         86        83.5
91         87        85.0
91         88        86.5
91         89        88.0
91         90        89.5
91         91        91.0
91         92        92.5
91         93        94.0
91         94        95.5
91         95        97.0
91         96        98.5
91         97        100.0
91         98        IMPOSIBLE
91         99        IMPOSIBLE
92         80        74.0
92         81        75.5
92         82        77.0
92         83        78.5
92         84        80.0
92         85        81.5
92         86        83.0
92         87        84.5
92         88        86.0
92         89        87.5
92         90        89.0
92         91        90.5
92         92        92.0
92         93        93.5
92         94        95.0
92         95        96.5
92         96        98.0
92         97        99.5
92         98        IMPOSIBLE
92         99        IMPOSIBLE
93         80        73.5
93         81        75.0
93         82        76.5
93         83        78.0
93         84        79.5
93         85        81.0
93         86        82.5
93         87        84.0
93         88        85.5
93         89        87.0
93         90        88.5
93         91        90.0
93         92        91.5
93         93        93.0
93         94        94.5
93         95        96.0
93         96        97.5
93         97        99.0
93         98        IMPOSIBLE
93         99        IMPOSIBLE
94         80        73.0
94         81        74.5
94         82        76.0
94         83        77.5
94         84        79.0
94         85        80.5
94         86        82.0
94         87        83.5
94         88        85.0
94         89        86.5
94         90        88.0
94         91        89.5
94         92        91.0
94         93        92.5
94         94        94.0
94         95        95.5
94         96        97.0
94         97        98.5
94         98        100.0
94         99        IMPOSIBLE
95         80        72.5
95         81        74.0
95         82        75.5
95         83        77.0
95         84        78.5
95         85        80.0
95         86        81.5
95         87        83.0
95         88        84.5
95         89        86.0
95         90        87.5
95         91        89.0
95         92        90.5
95         93        92.0
95         94        93.5
95         95        95.0
95         96        96.5
95         97        98.0
95         98        99.5
95         99        IMPOSIBLE
96         80        72.0
96         81        73.5
96         82        75.0
96         83        76.5
96         84        78.0
96         85        79.5
96         86        81.0
96         87        82.5
96         88        84.0
96         89        85.5
96         90        87.0
96         91        88.5
96         92        90.0
96         93        91.5
96         94        93.0
96         95        94.5
96         96        96.0
96         97        97.5
96         98        99.0
96         99        IMPOSIBLE
97         80        71.5
97         81        73.0
97         82        74.5
97         83        76.0
97         84        77.5
97         85        79.0
97         86        80.5
97         87        82.0
97         88        83.5
97         89        85.0
97         90        86.5
97         91        88.0
97         92        89.5
97         93        91.0
97         94        92.5
97         95        94.0
97         96        95.5
97         97        97.0
97         98        98.5
97         99        100.0
98         80        71.0
98         81        72.5
98         82        74.0
98         83        75.5
98         84        77.0
98         85        78.5
98         86        80.0
98         87        81.5
98         88        83.0
98         89        84.5
98         90        86.0
98         91        87.5
98         92        89.0
98         93        90.5
98         94        92.0
98         95        93.5
98         96        95.0
98         97        96.5
98         98        98.0
98         99        99.5
99         80        70.5
99         81        72.0
99         82        73.5
99         83        75.0
99         84        76.5
99         85        78.0
99         86        79.5
99         87        81.0
99         88        82.5
99         89        84.0
99         90        85.5
99         91        87.0
99         92        88.5
99         93        90.0
99         94        91.5
99         95        93.0
99         96        94.5
99         97        96.0
99         98        97.5
99         99        99.0
>>>>>>> 330c7678249051ff2714787ec9ac56a35b8b4c9a
